85
60
129
112
45
47
170
133
61
52
76
133
73
108
63
192
66
235
104
57
121
57
72
66
124
69
64
69
91
48
66
56
49
116
143
53
68
173
85
94
106
103
77
320
45
48
46
129
276
68
51
46
63
128
51
75
66
116
96
236
121
143
49
75
57
120
46
89
46
66
52
62
94
77
67
61
104
70
62
105
108
51
170
47
73
97
80
53
53
128
61
59
47
74
61
57
79
51
91
56
54
46
54
70
51
61
67
141
51
292
57
75
72
133
201
243
142
220
76
46
205
161
64
79
83
45
79
116
72
144
139
110
176
50
57
188
61
64
49
77
46
52
112
254
61
145
109
127
96
194
274
45
61
253
56
83
61
90
82
268
92
53
129
80
46
103
73
62
73
83
49
55
148
120
80
65
51
45
104
73
65
74
110
170
59
49
49
55
45
89
106
46
76
55
63
45
480
109
71
113
50
76
193
46
88
129
107
62
50
59
51
105
223
122
115
53
116
176
53
77
68
49
60
76
89
72
186
73
104
48
56
95
122
81
45
46
98
57
209
80
47
49
50
112
66
67
45
46
96
142
65
57
64
165
52
414
76
83
75
59
48
83
68
133
47
53
79
270
98
66
300
106
46
62
256
51
55
125
77
95
104
49
115
84
88
69
48
47
72
48
53
49
53
172
118
78
106
261
72
65
82
51
82
45
101
67
68
100
95
52
58
60
70
48
75
87
153
78
63
90
59
73
198
52
296
53
129
71
53
81
45
77
136
287
120
87
63
77
52
75
154
176
61
48
95
78
82
91
56
70
49
122
49
91
59
68
49
53
92
57
129
50
55
57
169
75
54
58
64
100
